00001883
18200247
00001916
10006454
00000139
00102722
00001730
14009926
00040543
79005281
18101070
00002586
72901201
10014378
00045339
13036304
00008976
00002068
00015105
00110351
13009759
10009638
00001099
00105557
00002069
79028002
13045532
00202773
00090078
79018616
79018655
00301284
79005276
00020744
79003924
00054307
72901218
13064148
13016418
00006972
79018756
00001742
00050621
72906460
00110703
33003158
10010209
79001159
00110182
00040401
79017082
10004849
13098404
13013188
00003166
10007631
00011606
72907389
79001550
79008048
00077567
72920234
00046136
00021166
00000012
00000219
00000262
00000275
00000322
00000381
00000393
00000398
00000400
00000413
00000414
00000415
00000418
00000419
00000421
00000422
00000445
00000545
00000546
00000564
00000680
00000681
00000736
00000756
00000795
00000884
00000924
00000949
00000963
00000966
00001037
00001109
00001116
00001238
00001280
00001288
00001355
00001358
00001370
00001383
00001403
00001425
00001429
00001433
00001458
00001471
00001524
00001526
00001671
00001685
00001735
00001767
00001842
00001849
00001967
00002103
00002104
00002105
00002106
00002238
00002315
00002431
00002445
00002446
00002447
00002448
00002449
00002450
00002451
00002453
00002463
00002464
00002465
00002633
00002677
00002721
00002840
00002856
00002857
00002949
00002950
00002984
00002988
00003010
00003075
00003223
00003280
00003281
00003282
00003283
00003360
00003382
00003455
00003501
00003508
00003515
00003612
00003636
00003680
00003714
00003759
00003766
00004021
00004614
00004740
00004741
00004767
00004769
00004770
00004894
00004901
00004902
00004934
00004997
00005113
00005115
00005116
00005177
00005178
00005185
00005186
00005189
00005253
00005254
00005283
00005290
00005301
00005325
00005326
00005327
00005328
00005329
00005330
00005331
00005336
00005432
00005489
00005641
00005642
00005920
00006158
00006209
00006213
00006223
00006258
00006259
00006260
00006261
00006295
00006316
00006317
00006387
00006388
00006389
00006390
00006391
00006392
00006393
00006394
00006395
00006396
00006397
00006398
00006399
00006400
00006401
00006402
00006403
00006404
00006405
00006406
00006414
00006514
00006630
00006643
00006644
00006645
00006751
00006752
00006813
00006890
00006912
00006968
00006969
00006970
00006971
00006973
00006974
00006975
00006976
00007024
00007059
00007102
00007107
00007270
00007340
00007387
00007388
00007390
00007422
00007423
00007472
00007473
00007474
00007544
00007611
00007612
00007616
00007623
00007700
00007703
00007744
00007752
00007771
00007777
00007783
00007848
00007858
00007882
00007910
00007927
00007928
00007931
00007932
00007941
00007957
00008038
00008056
00008064
00008068
00008120
00008149
00008215
00008280
00008283
00008285
00008287
00008288
00008289
00008290
00008293
00008294
00008328
00008412
00008413
00008416
00008417
00008421
00008422
00008423
00008424
00008428
00008431
00008432
00008433
00008437
00008445
00008446
00008448
00008449
00008450
00008452
00008453
00008471
00008534
00008633
00008830
00008840
00008850
00008892
00008930
00009124
00009258
00009286
00009347
00009381
00009385
00009388
00009389
00009394
00009399
00009403
00009407
00009409
00009414
00009421
00009422
00009544
00009545
00009662
00009779
00010252
00010577
00011081
00011085
00011086
00011132
00011588
00011640
00011838
00011871
00011894
00011915
00011923
00011925
00011926
00011939
00012086
00012443
00012582
00012583
00012584
00012585
00012624
00012904
00013031
00013032
00013033
00013034
00013035
00013036
00013037
00013038
00013039
00013040
00013041
00013042
00013113
00013206
00013318
00013328
00013373
00013436
00013586
00013620
00013632
00013638
00013679
00013741
00013758
00013761
00013859
00014192
00014493
00014534
00014659
00014722
00015114
00015233
00015331
00015409
00015414
00015556
00015813
00015878
00016131
00016177
00016564
00016575
00016704
00016707
00016729
00016740
00016805
00016834
00017028
00017044
00017119
00017206
00017319
00017424
00017452
00017480
00017524
00017742
00017853
00017921
00017943
00017951
00017952
00018279
00018440
00018565
00018693
00018787
00018807
00019143
00019144
00019145
00019146
00019148
00019149
00019150
00019151
00019189
00019263
00019264
00019265
00019266
00019267
00019379
00019381
00019383
00019384
00019405
00019475
00019480
00019482
00019543
00019548
00019592
00019593
00019595
00019645
00019773
00019830
00019965
00019966
00019967
00019968
00020039
00020069
00020070
00020071
00020072
00020150
00020290
00020457
00020672
00020696
00020697
00020698
00020699
00020700
00020703
00020705
00020706
00020708
00020709
00020711
00020715
00020908
00021014
00021038
00021039
00021048
00021167
00021170
00021239
00021250
00021258
00021259
00021265
00021290
00021360
00021462
00021472
00021486
00021540
00021658
00021727
00021736
00022017
00022024
00022138
00022234
00022352
00022360
00022402
00022453
00022455
00022467
00022500
00022531
00022532
00022605
00022687
00022891
00022914
00022922
00022938
00023051
00023052
00023053
00023054
00023102
00023128
00023207
00023225
00023249
00023250
00023251
00023252
00023253
00023254
00023255
00023256
00023257
00023259
00023260
00023261
00023279
00023314
00023338
00023341
00023342
00023396
00023397
00023398
00023399
00023403
00023404
00023406
00023407
00023408
00023476
00023491
00023526
00023527
00023528
00023608
00023618
00023633
00023743
00023744
00023746
00023761
00023792
00023793
00023794
00023805
00023925
00023961
00023979
00024019
00024063
00024064
00024078
00024144
00024145
00024192
00024221
00024257
00024270
00024354
00024356
00024357
00024371
00024450
00024463
00024465
00024562
00024670
00024680
00024691
00024698
00024714
00024929
00025033
00025064
00025086
00025299
00025315
00025347
00025387
00025407
00025409
00025452
00025453
00025454
00025455
00025456
00025482
00025614
00025618
00025637
00025678
00025698
00025763
00025913
00025915
00026093
00026231
00026232
00026234
00026289
00026295
00026296
00026304
00026431
00026435
00026462
00026522
00026541
00026633
00026634
00026635
00026675
00026678
00026681
00026746
00027013
00027062
00027221
00027288
00027337
00027549
00030023
00030410
00030459
00030516
00030530
00030605
00030622
00030657
00030690
00030772
00030773
00030780
00030807
00030813
00030869
00030875
00030889
00030897
00031007
00031033
00031084
00031114
00031242
00031303
00031314
00031368
00031373
00031619
00031622
00031680
00031706
00031720
00031730
00031747
00031755
00031756
00031758
00031789
00031918
00032015
00032038
00032041
00032065
00032132
00032188
00032190
00032253
00032276
00032316
00032338
00032388
00032483
00032534
00032619
00032659
00032741
00032799
00032837
00033089
00033118
00033232
00033249
00033272
00033281
00033303
00033384
00033396
00033426
00033487
00033528
00033917
00033977
00034187
00034254
00034328
00034514
00034624
00034779
00034835
00034868
00034884
00034935
00035029
00035058
00035088
00035162
00035176
00035388
00035392
00035393
00035394
00035395
00035397
00035398
00035452
00035492
00035519
00035520
00035521
00035522
00035523
00035524
00035525
00035526
00035527
00035528
00035530
00035845
00035846
00035847
00035848
00035904
00035940
00035945
00035988
00036009
00036028
00036043
00036092
00036093
00036115
00036116
00036134
00036140
00036141
00036169
00036171
00036172
00036184
00036205
00036239
00036289
00036290
00036291
00036292
00036293
00036294
00036296
00036298
00036300
00036312
00036324
00036329
00036331
00036335
00036363
00036364
00036365
00036390
00036406
00036408
00036409
00036410
00036411
00036412
00036413
00036447
00036448
00036452
00036462
00036502
00036597
00036772
00036780
00036801
00036845
00036847
00036850
00036913
00036947
00036995
00037067
00037184
00037229
00037255
00037440
00037454
00037460
00037503
00037516
00037521
00037532
00037536
00037537
00037538
00037539
00037540
00037541
00037542
00037543
00037544
00037545
00037546
00037547
00037548
00037549
00037550
00037551
00037561
00037562
00037563
00037564
00037565
00037566
00037685
00037705
00037710
00037734
00037747
00037748
00037760
00037790
00037804
00037808
00037816
00037817
00037835
00037851
00037946
00037959
00038002
00038069
00038070
00038134
00038135
00038136
00038161
00038187
00038203
00038230
00038239
00038358
00038396
00038399
00038461
00038504
00038523
00038527
00038530
00038534
00038607
00038634
00038673
00038810
00038848
00038853
00039060
00039124
00039281
00039282
00039316
00039319
00039321
00039323
00039359
00039449
00039570
00039626
00039631
00039690
00039820
00039821
00039822
00039823
00039824
00039825
00039864
00039943
00039948
00040038
00040059
00040060
00040098
00040158
00040181
00040184
00040187
00040216
00040222
00040238
00040242
00040245
00040393
00040400
00040444
00040495
00040505
00040686
00040716
00040974
00040976
00040991
00040996
00040999
00041033
00041066
00041178
00041439
00041483
00041548
00041572
00041678
00041759
00041778
00041795
00041832
00041995
00041999
00042000
00042001
00042058
00042066
00042130
00042163
00042356
00042548
00042706
00042757
00042782
00042863
00042870
00042920
00042928
00042979
00043015
00043017
00043371
00043536
00043558
00043605
00043609
00043630
00043893
00043935
00044302
00044352
00044353
00044405
00044427
00044505
00044652
00044739
00044820
00045090
00045162
00045193
00045206
00045222
00045293
00045869
00045940
00045992
00046141
00046275
00046285
00046286
00046287
00046288
00046608
00046668
00046823
00046826
00046844
00046852
00046855
00046856
00046859
00046878
00046893
00046907
00048375
00048397
00049663
00049689
00049692
00049883
00049899
00049944
00049958
00049978
00049981
00050000
00050035
00050622
00050623
00050643
00050703
00050796
00050945
00051065
00051096
00051107
00051416
00051547
00051616
00051629
00051651
00051905
00051941
00051952
00052013
00052014
00052015
00052016
00052018
00052019
00052020
00052021
00052022
00052023
00052024
00052216
00052276
00052280
00052367
00052415
00052440
00052445
00052447
00052460
00052462
00052471
00052472
00052475
00052486
00052491
00052666
00052675
00052696
00052719
00052738
00052769
00052828
00052829
00052830
00052850
00052851
00052852
00052853
00052854
00052855
00052856
00052859
00052860
00052861
00052862
00052866
00052867
00053381
00053536
00053647
00053681
00053756
00054010
00054102
00054232
00054253
00054271
00054295
00054355
00054364
00054365
00054368
00054408
00054464
00054505
00054506
00054513
00054562
00054627
00054628
00054816
00054828
00054881
00054936
00059821
00059845
00059853
00059854
00059855
00059857
00059858
00059859
00059860
00059861
00059862
00059863
00059864
00059866
00059867
00059886
00059890
00059897
00059898
00059903
00076018
00076021
00076036
00076045
00076053
00076067
00076103
00076107
00076114
00076117
00076142
00076163
00076185
00076235
00076260
00076299
00076305
00076309
00076310
00076457
00076459
00076477
00076491
00076492
00076496
00076508
00076563
00076576
00076603
00076607
00076616
00076620
00076630
00076719
00076728
00076753
00076771
00076816
00076819
00076826
00076902
00076934
00076935
00077016
00077200
00077233
00077265
00077268
00077279
00077321
00077322
00077323
00077332
00077351
00077352
00077353
00077354
00077355
00077356
00077357
00077358
00077359
00077360
00077361
00077362
00077363
00077364
00077365
00077366
00077367
00077387
00077394
00077395
00077442
00077510
00077598
00077617
00077632
00077658
00077674
00077753
00077754
00077783
00077800
00077808
00077853
00077877
00077900
00077969
00077992
00078033
00078036
00078037
00078074
00078088
00078116
00078118
00078136
00078137
00078138
00078139
00078163
00078165
00078202
00078203
00078251
00078252
00078295
00078302
00078303
00078398
00078406
00078451
00078466
00078483
00078500
00078529
00078530
00078574
00078588
00078589
00078594
00078623
00078761
00078808
00078834
00078841
00078978
00079021
00079065
00079160
00079348
00079358
00079359
00079429
00079435
00079445
00079446
00079583
00079595
00079632
00079872
00079913
00079985
00079986
00080045
00080237
00080316
00080345
00080381
00080442
00090009
00090062
00090142
00090143
00090144
00090145
00090223
00090327
00090404
00090476
00090550
00090688
00090878
00090937
00090993
00091267
00091268
00091328
00091385
00091683
00091689
00091704
00091896
00091967
00091985
00092096
00092143
00092144
00092181
00092217
00092218
00092219
00092220
00092221
00092222
00092455
00092594
00092735
00092736
00092973
00100046
00100089
00100237
00100327
00100358
00100414
00100478
00100524
00100673
00100737
00100784
00100798
00100950
00100973
00101008
00101050
00101114
00101141
00101154
00101243
00101299
00101344
00101398
00101580
00101582
00101615
00101640
00101695
00101713
00101746
00101757
00101767
00101819
00101894
00101910
00102040
00102128
00102178
00102195
00102234
00102237
00102332
00102364
00102384
00102403
00102450
00102516
00102549
00102589
00102690
00102823
00102924
00102927
00103014
00103160
00103201
00103222
00103262
00103316
00103328
00103456
00103524
00103602
00103729
00103794
00103801
00103940
00103962
00104015
00104037
00104192
00104226
00104242
00104247
00104304
00104608
00104670
00104676
00104730
00104780
00104800
00104821
00104823
00104831
00104859
00105011
00105044
00105080
00105184
00105213
00105251
00105600
00105642
00105643
00105871
00106025
00106057
00106066
00106568
00106631
00106986
00107082
00107086
00107092
00107225
00107234
00107515
00107522
00107524
00107525
00107536
00107674
00108031
00108038
00108161
00108169
00108170
00108376
00108493
00108595
00108651
00108665
00108909
00108937
00108980
00109027
00109151
00109403
00109799
00109814
00109953
00110271
00110401
00110402
00110529
00110530
00110534
00110580
00110585
00110586
00110628
00110705
00110959
00110963
00111001
00111191
00111333
00111421
00111424
00111425
00111578
00111611
00111654
00111751
00111909
00111998
00112075
00112091
00112094
00112214
00112215
00112216
00112318
00112319
00200109
00200137
00200157
00200213
00200218
00200229
00200230
00200282
00200326
00200327
00200348
00200372
00200384
00200425
00200433
00200446
00200451
00200457
00200458
00200482
00200491
00200492
00200559
00200563
00200588
00200607
00200639
00200644
00200654
00200662
00200689
00200698
00200724
00200821
00200837
00200843
00200880
00201007
00201019
00201045
00201064
00201138
00201142
00201202
00201221
00201232
00201260
00201300
00201353
00201403
00201433
00201437
00201478
00201499
00201563
00201567
00201721
00201728
00201742
00201743
00201745
00201770
00201777
00201778
00201779
00201808
00201845
00201966
00201967
00201968
00201969
00201992
00202011
00202026
00202027
00202028
00202029
00202030
00202031
00202032
00202033
00202034
00202035
00202036
00202037
00202038
00202039
00202040
00202077
00202078
00202079
00202080
00202081
00202082
00202083
00202121
00202127
00202140
00202150
00202163
00202192
00202204
00202216
00202218
00202234
00202262
00202281
00202288
00202295
00202332
00202468
00202667
00202671
00202672
00202716
00202717
00202719
00202720
00202722
00202723
00202731
00202733
00202737
00202738
00202739
00202740
00202742
00202769
00202790
00202791
00202798
00202807
00202810
00202863
00202867
00202868
00202869
00202899
00202900
00202901
00202902
00202903
00202915
00202923
00202943
00202944
00202945
00202946
00202947
00202948
00202949
00202950
00202962
00202964
00203020
00203062
00203080
00203100
00203101
00203106
00203109
00203150
00203160
00203175
00203189
00203205
00203206
00203222
00203223
00203225
00203234
00203270
00203285
00203286
00203296
00300085
00300093
00300096
00300150
00300154
00300195
00300210
00300297
00300313
00300422
00300471
00300473
00300562
00300565
00300582
00300619
00300626
00300639
00300640
00300656
00300658
00300680
00300769
00300793
00300931
00300963
00301111
00301189
00301202
00301220
00301229
00301391
00301458
00301459
00301474
00301580
00301584
00301603
00301648
00301649
00301696
00301794
00301870
00301949
00302074
00302100
00302115
00302269
00302324
00302327
00302334
00302359
00302512
00302577
00302631
00400084
00400135
00400211
00400258
00400327
00400636
00400973
00401034
00401117
00401191
00401196
00401343
00401360
00401436
00401506
00401612
00401743
00401796
00401914
00401933
00402110
00402744
00402786
00402911
00402976
00403033
00403039
00403044
00403057
00403114
00403438
00403651
00403660
00403668
00403674
00403691
00403779
00403830
00403922
00700005
00700055
00700065
00700069
00700073
00700074
00700078
00700085
00700091
00700233
00700237
00700250
00700256
00700259
00700547
10000036
10000037
10000038
10000039
10000219
10000220
10000277
10000663
10001229
10001244
10001248
10001488
10001489
10001604
10001605
10001648
10001903
10002410
10002540
10002555
10002566
10002593
10002656
10002745
10002866
10002947
10003072
10003196
10003197
10003247
10003268
10003274
10003310
10003421
10003458
10003469
10003651
10003760
10003773
10003959
10003986
10004009
10004034
10004088
10004089
10004132
10004151
10004264
10004265
10004312
10004358
10004435
10004571
10004572
10004605
10004664
10004717
10004802
10004847
10004854
10004855
10004856
10004857
10004858
10004859
10004860
10005054
10005101
10005192
10005314
10005348
10005417
10005571
10005669
10005670
10005718
10005753
10005814
10006013
10006014
10006015
10006134
10006186
10006402
10006403
10006404
10006587
10006706
10006707
10006708
10006747
10006812
10006914
10006915
10007178
10007222
10007334
10007384
10007393
10007450
10007484
10007567
10007583
10007686
10008049
10008089
10008090
10008136
10008156
10008265
10008387
10008527
10008534
10008794
10008885
10009105
10009211
10009221
10009259
10009284
10009646
10009690
10009817
10009978
10010020
10010114
10010120
10010121
10010122
10010123
10010124
10010130
10010132
10010155
10010244
10010252
10010342
10010368
10010492
10010572
10010573
10010611
10010640
10010665
10010672
10010686
10011185
10011199
10011416
10011428
10011434
10011461
10011771
10011795
10011803
10011875
10011899
10011915
10012016
10012065
10012156
10012515
10012618
10012673
10012728
10012749
10012796
10012876
10012885
10012922
10013003
10013035
10013305
10013306
10013307
10013308
10013309
10013310
10013333
10013516
10013633
10013872
10013943
10014011
10014012
10014113
10014125
10014187
10014190
10014196
10014199
10014202
10014269
10014270
10014318
10014319
10014341
10014441
10014446
10014450
10014461
10014517
10014518
10014526
10014689
10014703
10014802
10014830
10014844
10014867
10014951
10014952
10015055
10015109
10015189
10015289
10015550
10015601
10015870
10016021
10016319
10016350
10016417
10016449
10016506
10016577
10016729
10016764
10016765
10016766
10016790
10016816
10016853
10016875
10016879
10016924
10017008
10017082
10017102
10017112
10017160
13000002
13000055
13000124
13000125
13000126
13000186
13000207
13000208
13000315
13000344
13000389
13000449
13000529
13000530
13000531
13000722
13000782
13000807
13000930
13000950
13000993
13001062
13001178
13001236
13001329
13001375
13001420
13001475
13001512
13001569
13001589
13001740
13001741
13001742
13001743
13001744
13001799
13001973
13002000
13002028
13002031
13002276
13002297
13002305
13002315
13002417
13002551
13002652
13002759
13002760
13002769
13002895
13003005
13003045
13003249
13003254
13003458
13003469
13003483
13003518
13003520
13003611
13003626
13003994
13003995
13004090
13004126
13004298
13004429
13004430
13004597
13004884
13004933
13004935
13004936
13005000
13005110
13005128
13005136
13005149
13005286
13005455
13005485
13005508
13005792
13005881
13005903
13005936
13006005
13006084
13006159
13006204
13006286
13006397
13006404
13006545
13006762
13006797
13007052
13007148 
13007542
13007630
13007955
13007971
13007984
13008277
13008411
13008414
13008441
13008442
13008443
13008444
13008445
13008562
13008640
13008641
13008642
13008643
13008905
13009007
13009059
13009151
13009160
13009163
13009379
13009577
13009606
13009615
13009637
13009737
13009894
13010144
13010288
13010424
13010425
13010430
13010431
13010597
13010598
13010599
13010600
13010654
13010655
13010656
13010657
13010658
13010673
13011023
13011260
13011279
13011393
13011482
13011530
13011607
13011608
13011632
13011724
13011736
13011962
13012026
13012062
13012226
13012411
13012513
13012770
13013103
13013104
13013105
13013106
13013199
13013475
13013478
13013510
13013955
13014011
13014037
13014407
13014611
13014930
13014967
13014968
13015140
13015141
13015142
13015268
13015270
13015521
13015522
13015662
13015726
13015792
13015950
13015954
13016041
13016267
13016360
13016739
13016794
13016902
13017009
13017424
13018389
13018889
13019099
13019315
13019319
13019346
13019373
13019511
13019569
13019659
13020103
13020248
13020255
13020256
13020351
13020415
13020476
13020627
13020747
13021327
13021621
13021777
13021879
13022021
13022065
13022264
13022695
13023044
13023045
13023047
13023048
13023049
13023096
13023720
13023753
13023784
13024187
13024350
13024373
13024377
13024387
13024391
13024393
13024411
13024414
13024426
13024482
13024654
13024706
13024707
13024713
13024720
13024978
13025341
13025343
13025853
13025859
13026008
13026017
13026018
13026019
13026020
13026021
13026264
13026717
13027243
13027404
13027407
13027408
13027409
13027459
13027469
13027518
13027788
13027791
13027947
13028449
13028490
13028890
13029253
13029380
13029391
13029437
13029449
13029504
13030234
13030276
13030560
13030879
13030922
13031065
13031256
13031884
13032040
13032043
13032082
13032096
13032444
13032471
13032815
13032864
13033533
13033534
13033602
13034027
13034214
13034215
13034240
13034853
13034854
13034907
13034995
13035312
13035343
13035503
13035834
13036146
13036167
13036229
13036230
13036231
13036314
13036422
13036482
13036535
13036704
13036927
13036928
13036929
13036930
13036931
13036932
13036935
13036936
13037084
13037085
13037086
13037087
13037180
13037418
13037704
13037830
13037983
13038240
13038367
13038740
13038848
13038891
13039288
13039298
13039745
13039976
13040117
13040213
13040288
13040639
13040767
13040768
13041127
13041128
13041170
13041317
13041319
13041328
13041352
13041384
13041450
13041452
13041611
13041612
13041613
13041614
13041615
13041631
13041681
13041726
13041832
13042048
13042050
13042053
13042264
13042633
13042861
13042895
13043116
13043117
13043118
13043372
13043461
13043474
13043481
13043482
13043512
13043532
13043537
13043549
13043551
13043562
13043563
13043569
13043571
13043577
13043578
13043599
13043658
13043679
13043788
13043952
13044190
13044220
13044299
13044368
13044534
13044561
13044735
13044773
13044936
13045132
13045551
13045730
13045753
13046004
13046013
13046092
13046142
13046148
13046155
13046669
13046728
13046848
13047372
13047600
13047751
13047752
13047994
13048212
13048230
13048247
13048258
13048342
13048672
13049002
13049244
13049246
13049451
13049563
13050509
13051977
13052392
13052527
13052583
13052605
13052790
13052810
13053039
13053248
13053592
13053913
13054249
13054988
13055799
13057018
13057033
13057222
13057226
13057236
13057283
13057659
13057690
13058544
13058584
13059128
13059135
13059155
13059156
13059161
13059675
13060242
13060262
13060291
13060590
13060599
13060638
13060993
13061068
13063405
13063410
13063564
13063565
13063566
13063629
13064180
13064742
13064757
13065307
13065452
13065632
13065838
13066167
13066581
13072043
13072259
13072357
13072792
13072881
13072976
13073245
13073246
13073637
13073904
13073967
13074217
13074410
13075470
13076040
13076605
13077021
13077388
13077853
13077924
13077925
13079447
13079560
13079928
13080032
13081285
13081459
13082389
13082837
13082870
13083226
13083318
13083401
13083658
13083945
13085000
13085178
13087972
13089029
13089303
13089552
13090237
13090241
13096862
13096918
13099429
13101283
13101606
13101782
13102149
13104592
13104790
13106709
13109240
13109662
13110025
13110028
13111185
13111375
13113856
13114519
13114989
13115561
13116594
13119849
13119979
13120072
13120218
14000014
14000074
14000169
14000252
14000335
14000403
14000484
14000487
14000616
14000617
14000686
14000794
14000821
14000889
14001260
14001465
14001768
14001791
14001830
14001970
14002121
14002292
14002497
14002498
14002525
14002605
14002729
14002797
14002846
14002971
14002972
14002979
14003120
14003198
14003199
14003219
14003243
14003298
14003349
14003440
14003457
14003667
14003805
14003853
14003856
14004357
14004467
14004490
14004923
14004925
14004942
14005093
14005220
14005230
14005287
14005354
14005368
14005416
14005435
14005458
14005575
14005604
14005665
14005680
14005718
14005719
14005780
14005795
14005815
14005848
14005853
14005855
14005856
14005895
14005951
14005969
14005973
14005974
14005976
14006002
14006067
14006117
14006118
14006126
14006309
14006540
14006566
14006579
14006806
14007513
14007674
14007691
14007730
14008695
14008991
14011391
18000069
18000099
18000245
18000348
18000514
18000599
18000750
18000751
18001048
18001126
18001405
18001499
18001821
18001983
18002023
18002139
18002311
18002361
18002398
18002442
18002811
18002812
18002813
18002814
18002815
18002816
18002817
18002818
18002819
18002822
18002853
18002854
18002860
18002862
18002891
18002892
18002893
18002894
18002895
18002896
18002897
18002898
18002934
18002937
18002939
18002963
18003047
18003048
18003049
18003051
18003052
18003053
18003056
18003092
18003093
18003094
18003097
18003098
18003099
18003101
18003119
18003125
18003154
18003155
18003156
18003207
18003211
18003257
18003258
18003263
18003382
18003383
18003551
18003605
18003610
18003681
18003787
18003882
18003885
18003886
18003887
18003888
18003889
18003890
18003891
18003924
18004075
18004129
18004219
18004351
18004352
18004590
18100105
18100339
18100606
18100718
18100738
18100765
18100971
18101010
18101030
18101383
18101429
18101468
18101559
18101968
18102295
18102948
18103285
18103390
18103553
18103665
18200009
18200012
18200105
18200222
18200228
18200276
18200281
18200292
18200349
18200364
18200380
18200404
18200422
18200430
18200431
18200432
18200433
18200518
18200550
18200688
18200734
18200748
18200826
18200848
18200881
18200894
18200929
18201051
18201082
18201104
18201142
18201153
18201170
18201203
19999679
19999747
19999751
19999762
19999812
19999859
19999860
19999930
19999971
19999981
19999986
20000018
20000019
20000020
20000021
20000022
20000023
20000024
20000025
20000026
20000027
20000028
20000029
20000030
20000031
20000085
20000103
20000131
20000132
20000152
20000177
20000229
20000230
20000238
20000263
20000289
20000361
20000362
20000494
20000547
20000628
20000662
20000663
20000664
20000676
20000681
20000684
20000686
20000708
20000740
20000757
20000758
20000765
20000766
20000767
20000768
20000769
20000770
20000771
20000772
20000773
20000774
20000775
20000787
20000789
20000792
20000793
20000794
20000795
20000796
20000803
20000812
20000816
20000847
20000884
20000926
20000927
20000928
20000929
20000953
20000972
20000975
20000976
20001000
20001048
20001100
20001104
20001120
20001188
20001195
20001201
20001245
20001248
20001309
20001348
20001350
20001422
20001426
20001435
20001436
20001444
20001496
20001499
20001502
20001542
20001559
20001579
20001587
20001592
20001593
20001601
20001608
20001617
20001637
20001648
20001652
20001719
20001736
20001751
23000018
23000019
23000040
23000041
23000043
23000044
23000045
23000046
23000060
23000065
23000071
23000091
23000107
23000113
23000118
23000128
23000155
23000192
23000199
23000204
23000208
23000278
23000292
23000326
23000391
23000401
23000402
23000467
23000477
23000480
23000489
23000519
23000520
23000521
23000523
23000525
23000529
23000530
23000531
23000543
23000545
23000557
23000562
23000566
23000567
23000568
23000569
23000570
23000571
23000572
23000589
23000590
23000602
23000619
23000622
23000623
23000667
23000679
23000684
23000690
23000717
23000718
23000719
23000720
23000721
23000722
23000723
23000724
23000725
23000726
23000727
23000728
23000729
23000730
23000737
23000739
23000764
23000765
23000773
23000777
23000780
23000825
23000847
23000886
23000976
23000991
23000992
23000996
23000997
23001082
23001088
23001114
23001205
23001232
23001252
23001288
23001289
23001314
23001370
23001388
23001400
23001432
23001486
23001491
23001513
23001557
23001571
23001594
23001603
23001604
23001605
23001615
23001616
23001617
23001646
23001680
23001703
23001725
23001808
23001829
23001830
23001857
23001881
23001920
23001963
23001968
23001989
23002066
23002080
23002081
23002085
23002133
23002161
23002193
23002271
23002284
23002285
23002298
23002372
23002383
23002453
23002518
23002543
23002570
23002683
23002691
23002700
23002705
23002713
23002714
23002715
23002732
23002796
23002955
23002984
23003004
23003028
23003040
23003080
23003101
23003114
23003122
23003263
23003269
23003340
23003360
23003412
23003630
23003650
23003671
23003745
23003805
23003855
23003862
23003863
23003866
23003867
23003872
23003927
23003930
23004014
23004017
23004019
23004067
23004078
23004101
23004163
23004181
23004194
23004203
23004204
23004205
23004218
23004220
23004221
23004222
23004223
23004224
23004225
23004326
23004366
23004370
23004371
23004374
23004382
23004387
23004388
23004393
23004394
23004395
23004405
23004408
23004411
23004412
23004414
23004415
23004417
23004418
23004419
23004421
23004422
23004424
23004427
23004428
23004429
23004430
23004431
23004566
23004603
23004604
23004676
23004742
23005182
23005210
23005519
24000011
24000015
24000017
24000018
24000039
24000044
24000048
24000051
24000088
24000091
24000092
24000097
24000106
24000133
24000136
24000148
24000173
24000181
24000188
24000213
24000218
24000223
24000238
24000302
24000374
24000436
29999939
29999942
29999953
29999954
29999960
29999976
29999980
30000357
30000358
30000359
30000382
30000383
30000622
30000694
30000706
30000709
30000750
30000778
30000793
30000809
30000888
30000889
30000905
30000907
30000914
30000984
30001023
33000058
33000059
33000060
33000144
33000146
33000173
33000234
33000275
33000276
33000284
33000285
33000376
33000384
33000419
33000420
33000446
33000447
33000451
33000554
33000569
33001109
33001137
33001224
33001228
33001241
33001337
33001338
33001339
33001350
33001367
33001370
33001521
33001844
33001845
33001870
33001936
33002098
33002143
33002145
33002362
33002603
33003257
33003760
40000011
40000112
40000254
40000438
40000442
40000607
40000636
40000689
40000752
40000820
40000869
40000870
40001018
40001093
40001145
40001171
40001340
40001346
40001415
40001463
40001640
40001706
40001720
40001751
40001799
40001902
43000024
43000069
43000223
43000276
43000394
43000424
43000425
43000501
43000532
43000557
43000610
43000640
43000775
43000794
43000798
43000802
43000927
43000973
43001018
43001103
43001111
43001112
43001128
43001179
43001198
43001283
43001306
43001371
43001406
43001418
43001443
43001446
43001463
43001597
43001622
43001705
43001766
43001929
43002153
43002180
43002269
43002302
43002469
43002520
43002560
43002636
43003123
43003151
43003212
43003224
43003307
43003376
43003556
43003611
43003678
43003806
43003832
43004070
43004083
43004321
43004427
43004593
43004673
43004767
43004821
43004895
43004948
43005003
43005028
43005036
43005094
43005358
43005454
43005535
43005916
43006167
43006492
43008878
43009050
43009117
43009126
43009158
43009219
43009225
43009227
43009231
43009233
43009236
43009254
43009270
43009273
43009291
43009366
43009370
43009387
43009422
43009460
43009540
43009568
43009594
43009643
43009656
43009709
43009723
43009728
43009742
43009833
43009855
43009878
43009888
43009934
43009947
44000002
44000218
44000228
44000343
49999981
49999994
50000006
50000031
53000013
53001831
63000716
63001597
63001785
63003610
63003854
72900059
72900060
72900076
72900116
72900131
72900132
72900219
72900341
72900364
72900471
72900486
72900585
72900600
72900601
72900614
72900702
72900722
72900727
72900756
72900849
72900956
72900957
72900978
72900998
72901054
72901076
72901209
72901581
72901677
72901739
72901795
72901905
72901906
72902086
72902168
72902219
72902242
72902329
72902344
72902375
72902452
72902469
72902476
72902503
72902716
72902752
72902775
72902790
72902864
72903028
72903146
72903224
72903317
72903393
72903467
72903523
72903546
72903548
72903555
72903563
72903596
72903612
72903664
72903792
72903956
72904038
72904062
72904177
72904178
72904179
72904236
72904309
72904330
72904339
72904361
72904376
72904392
72904415
72904427
72904451
72904463
72904477
72904536
72904549
72904613
72904703
72904745
72904802
72904840
72904857
72904872
72905148
72905149
72905164
72905172
72905217
72905233
72905259
72905338
72905370
72905383
72905442
72905474
72905564
72905620
72905639
72905677
72905704
72905819
72905877
72906150
72906740
72906751
72906922
72907511
72907591
72907616
72907697
72907710
72907718
72907740
72907819
72907842
72907941
72907969
72908191
72908201
72908310
72908389
72908472
72908653
72908655
72908677
72908928
72908932
72908976
72909149
72909282
72909314
72909458
72909558
72909655
72909695
72909714
72909806
72909888
72909894
72910206
72910224
72910264
72910454
72910543
72910731
72910732
72910733
72910734
72910860
72910861
72910990
72910991
72911323
72911424
72911443
72911486
72911511
72911682
72911691
72911692
72911730
72911945
72912003
72912091
72912139
72912254
72912508
72912575
72912722
72912738
72912824
72912914
72912956
72913439
72913562
72913755
72913801
72913847
72913848
72913849
72913862
72914089
72914148
72914260
72914376
72914410
72914411
72914511
72914519
72914615
72914656
72914676
72914679
72914681
72914801
72914822
72914857
72914968
72915015
72915111
72915191
72915259
72915275
72915282
72915299
72915313
72915373
72915465
72915473
72915551
72915554
72915837
72915838
72915839
72915926
72916076
72916077
72916078
72916428
72916429
72916544
72916572
72916608
72916634
72916762
72916800
72916981
72917097
72917274
72917417
72917421
72917575
72917652
72917665
72918398
72918408
72918463
72918511
72918562
72918627
72918831
72919026
72919070
72919139
72919176
72919322
72919332
72919396
72919434
72919476
72919493
72919575
72919701
72919737
72919807
72919903
72919946
72920146
72920259
72920311
72920319
72920359
72920460
72920503
72920506
72920509
72920545
72920616
72920677
72920678
72920697
72920775
72921542
72922128
72922282
72923085
73000202
73000401
73000446
73000562
73000723
73000764
73000966
73000969
73000972
73001889
73001893
73001912
73001940
73200000
73200001
73200002
73200003
73200004
73200005
73200006
73200007
73200008
73200009
73200010
73200011
73200012
73200013
73200014
73200015
73200016
73200017
73200018
73200019
73200020
73200021
73200022
73200023
73200024
73200025
73200026
73200027
73200028
73200029
73200030
73200031
73200032
73200033
73200034
73200035
73200036
73200037
73200038
73200039
73200040
73200041
73200042
73200043
73200044
73200045
73200046
73200047
73200048
73200049
73200050
73200051
73200052
73200053
73200054
73200055
73200056
73200057
73200058
73200059
73200060
73200061
73200062
73200063
73200064
73200065
73200066
73200067
73200068
73200069
73200070
73200071
73200072
73200073
73200074
73200075
73200076
73200077
73200078
73200079
73200080
73200081
73200082
73200083
73200084
73200085
73200086
73200087
73200088
73200089
73200090
73200091
73200092
73200093
73200094
73200095
73200096
73200097
73200098
73200099
73200100
73200101
73200102
73200103
73200104
73200105
73200106
73200107
73200108
73200109
73200110
73200111
73200112
73200113
73200114
73200115
73200116
73200117
73200118
73200119
73200120
73200121
73200122
73200123
73200124
73200125
73200126
73200127
73200128
73200129
73200130
73200131
73200132
73200133
73200134
73200135
73200136
73200137
73200138
73200139
73200140
73200141
73200142
73200143
73200144
73200145
73200146
73200147
73200148
73200149
73200150
73200151
73200152
73200153
73200154
73200155
73200156
73200157
73200158
73200159
73200160
73200161
73200162
73200163
73200164
73200165
73200166
73200167
73200168
73200169
73200170
73200171
73200172
73200173
73200174
73200175
73200176
73200177
73200178
73200179
73200180
73200181
73200182
73200183
73200184
73200185
73200186
73200187
73200188
73200189
73200190
73200191
73200192
73200193
73200194
73200195
73200196
73200197
73200198
73200199
73200200
73200201
73200202
73200203
73200204
73200205
73200206
73200207
73200208
73200209
73200210
73200211
73200212
73200213
73200214
73200215
73200216
73200217
73200218
73200219
73200220
73200221
73200222
73200223
73200224
73200225
73200226
73200227
73200228
73200229
73200230
73200231
73200232
73200233
73200234
73200235
73200236
73200237
73200238
73200239
73200240
73200241
73200242
73200243
73200244
73200245
73200246
73200247
73200248
73200249
73200250
73200251
73200252
73200253
73200254
73200255
73200256
73200257
73200258
73200259
73200260
73200261
73200262
73200263
73200264
73200265
73200266
73200267
73200268
73200269
73200270
73200271
73200272
73200273
73200274
73200275
73200276
73200277
73200278
73200279
73200280
73200281
73200282
73200283
73200284
73200285
73200286
73200287
73200288
73200289
73200290
73200291
73200292
73200293
73200294
73200295
73200296
73200297
73200298
73200299
73200300
73200301
73200302
73200303
73200304
73200305
73200306
73200307
73200308
73200309
73200310
73200311
73200312
73200313
73200314
73200315
73200316
73200317
73200318
73200319
73200320
73200321
73200322
73200323
73200324
73200325
73200326
73200327
73200328
73200329
73200330
73200331
73200332
73200333
73200334
73200335
73200336
73200337
73200338
73200339
73200340
73200341
73200342
73200343
73200344
73200345
73200346
73200347
73200348
73200349
73200350
73200351
73200352
73200353
73200354
73200355
73200356
73200357
73200358
73200359
73200360
73200361
73200362
73200363
73200364
73200365
73200366
73200367
73200368
73200369
73200370
73200371
73200372
73200373
73200374
73200375
73200376
73200377
73200378
73200379
73200380
73200381
73200382
73200383
73200384
73200385
73200386
73200387
73200388
73200389
73200390
73200391
73200392
73200393
73200394
73200395
73200396
73200397
73200398
73200399
73200400
73200401
73200402
73200403
73200404
73200405
73200406
73200407
73200408
73200409
73200410
73200411
73200412
73200413
73200414
73200415
73200416
73200417
73200418
73200419
73200420
73200421
73200422
73200423
73200424
73200425
73200426
73200427
73200428
73200429
73200430
73200431
73200432
73200433
73200434
73200435
73200436
73200437
73200438
73200439
73200440
73200441
73200442
73200443
73200444
73200445
73200446
73200447
73200448
73200449
73200450
73200451
73200452
73200453
73200454
73200455
73200456
73200457
73200458
73200459
73200460
73200461
73200462
73200463
73200464
73200465
73200466
73200467
73200468
73200469
73200470
73200471
73200472
73200473
73200474
73200475
73200476
73200477
73200478
73200479
73200480
73200481
73200482
73200483
73200484
73200485
73200486
73200487
73200488
73200489
73200490
73200491
73200492
73200493
73200494
73200495
73200496
73200497
73200498
73200499
73200500
73200501
73200502
73200503
73200504
73200505
73200506
73200507
73200508
73200509
73200510
73200511
73200512
73200513
73200514
73200515
73200516
73200517
73200518
73200519
73200520
73200521
73200522
73200523
73200524
73200525
73200526
73200527
73200528
73200529
73200530
73200531
73200532
73200533
73200534
73200535
73200536
73200537
73200538
73200539
73200540
73200541
73200542
73200543
73200544
73200545
73200546
73200547
73200548
73200549
73200550
73200551
73200552
73200553
73200554
73200555
73200556
73200557
73200558
73200559
73200560
73200561
73200562
73200563
73200564
73200565
73200566
73200567
73200568
73200569
73200570
73200571
73200572
73200573
73200574
73200575
73200576
73200577
73200578
73200579
73200580
73200581
73200582
73200583
73200584
73200585
73200586
73200587
73200588
73200589
73200590
73200591
73200592
73200593
73200594
73200595
73200596
73200597
73200598
73200599
73200600
73200601
73200602
73200603
73200604
73200605
73200606
73200607
73200608
73200609
73200610
73200611
73200612
73200613
73200614
73200615
73200616
73200617
73200618
73200619
73200620
73200621
73200622
73200623
73200624
73200625
73200626
73200627
73200628
73200629
73200630
73200631
73200632
73200633
73200634
73200635
73200636
73200637
73200638
73200639
73200640
73200641
73200642
73200643
73200644
73200645
73200646
73200647
73200648
73200649
73200650
73200651
73200652
73200653
73200654
73200655
73200656
73200657
73200658
73200659
73200660
73200661
73200662
73200663
73200664
73200665
73200666
73200667
73200668
73200669
73200670
73200671
73200672
73200673
73200674
73200675
73200676
73200677
73200678
73200679
73200680
73200681
73200682
73200683
73200684
73200685
73200686
73200687
73200688
73200689
73200690
73200691
73200692
73200693
73200694
73200695
73200696
73200697
73200698
73200699
73200700
73200701
73200702
73200703
73200704
73200705
73200706
73200707
73200708
73200709
73200710
73200711
73200712
73200713
73200714
73200715
73200716
73200717
73200718
73200719
73200720
73200721
73200722
73200723
73200724
73200725
73200726
73200727
73200728
73200729
73200730
73200731
73200732
73200733
73200734
73200735
73200736
73200737
73200738
73200739
73200740
73200741
73200742
73200743
73200744
73200745
73200746
73200747
73200748
73200749
73200750
73200751
73200752
73200753
73200754
73200755
73200756
73200757
73200758
73200759
73200760
73200761
73200762
73200763
73200764
73200765
73200766
73200767
73200768
73200769
73200770
73200771
73200772
73200773
73200774
73200775
73200776
73200777
73200778
73200779
73200780
73200781
73200782
73200783
73200784
73200785
73200786
73200787
73200788
73200789
73200790
73200791
73200792
73200793
73200794
73200795
73200796
73200797
73200798
73200799
73200800
73200801
73200802
73200803
73200804
73200805
73200806
73200807
73200808
73200809
73200810
73200811
73200812
73200813
73200814
73200815
73200816
73200817
73200818
73200819
73200820
73200821
73200822
73200823
73200824
73200825
73200826
73200827
73200828
73200829
73200830
73200831
73200832
73200833
73200834
73200835
73200836
73200837
73200838
73200839
73200840
73200841
73200842
73200843
73200844
73200845
73200846
73200847
73200848
73200849
73200850
73200851
73200852
73200853
73200854
73200855
73200856
73200857
73200858
73200859
73200860
73200861
73200862
73200863
73200864
73200865
73200866
73200867
73200868
73200869
73200870
73200871
73200872
73200873
73200874
73200875
73200876
73200877
73200878
73200879
73200880
73200881
73200882
73200883
73200884
73200885
73200886
73200887
73200888
73200889
73200890
73200891
73200892
73200893
73200894
73200895
73200896
73200897
73200898
73200899
73200900
73200901
73200902
73200903
73200904
73200905
73200906
73200907
73200908
73200909
73200910
73200911
73200912
73200913
73200914
73200915
73200916
73200917
73200918
73200919
73200920
73200921
73200922
73200923
73200924
73200925
73200926
73200927
73200928
73200929
73200930
73200931
73200932
73200933
73200934
73200935
73200936
73200937
73200938
73200939
73200940
73200941
73200942
73200943
73200944
73200945
73200946
73200947
73200948
73200949
73200950
73200951
73200952
73200953
73200954
73200955
73200956
73200957
73200958
73200959
73200960
73200961
73200962
73200963
73200964
73200965
73200966
73200967
73200968
73200969
73200970
73200971
73200972
73200973
73200974
73200975
73200976
73200977
73200978
73200979
73200980
73200981
73200982
73200983
73200984
73200985
73200986
73200987
73200988
73200989
73200990
73200991
73200992
73200993
73200994
73200995
73200996
73200997
73200998
73200999
73201000
73201001
73201002
73201003
73201004
73201005
73201006
73201007
73201008
73201009
73201010
73201011
73201012
73201013
73201014
73201015
73201016
73201017
73201018
73201019
73201020
73201021
73201022
73201023
73201024
73201025
73201026
73201027
73201028
73201029
73201030
73201031
73201032
73201033
73201034
73201035
73201036
73201037
73201038
73201039
73201040
73201041
73201042
73201043
73201044
73201045
73201046
73201047
73201048
73201049
73201050
73201051
73201052
73201053
73201054
73201055
73201056
73201057
73201058
73201059
73201060
73201061
73201062
73201063
73201064
73201065
73201066
73201067
73201068
73201069
73201070
73201071
73201072
73201073
73201074
73201075
73201076
73201077
73201078
73201079
73201080
73201081
73201082
73201083
73201084
73201085
73201086
73201087
73201088
73201089
73201090
73201091
73201092
73201093
73201094
73201095
73201096
73201097
73201098
73201099
73201100
73201101
73201102
73201103
73201104
73201105
73201106
73201107
73201108
73201109
73201110
73201111
73201112
73201113
73201114
73201115
73201116
73201117
73201118
73201119
73201120
73201121
73201122
73201123
73201124
73201125
73201126
73201127
73201128
73201129
73201130
73201131
73201132
73201133
73201134
73201135
73201136
73201137
73201138
73201139
73201140
73201141
73201142
73201143
73201144
73201145
73201146
73201147
73201148
73201149
73201150
73201151
73201152
73201153
73201154
73201155
73201156
73201157
73201158
73201159
73201160
73201161
73201162
73201163
73201164
73201165
73201166
73201167
73201168
73201169
73201170
73201171
73201172
73201173
73201174
73201175
73201176
73201177
73201178
73201179
73201180
73201181
73201182
73201183
73201184
73201185
73201186
73201187
73201188
73201189
73201190
73201191
73201192
73201193
73201194
73201195
73201196
73201197
73201198
73201199
73201200
73201201
73201202
73201203
73201204
73201205
73201206
73201207
73201208
73201209
73201210
73201211
73201212
73201213
73201214
73201215
73201216
73201217
73201218
73201219
73201220
73201221
73201222
73201223
73201224
73201225
73201226
73201227
73201228
73201229
73201230
73201231
73201232
73201233
73201234
73201235
73201236
73201237
73201238
73201239
73201240
73201241
73201242
73201243
73201244
73201245
73201246
73201247
73201248
73201249
73201250
73201251
73201252
73201253
73201254
73201255
73201256
73201257
73201258
73201259
73201260
73201261
73201262
73201263
73201264
73201265
73201266
73201267
73201268
73201269
73201270
73201271
73201272
73201273
73201274
73201275
73201276
73201277
73201278
73201279
73201280
73201281
73201282
73201283
73201284
73201285
73201286
73201287
73201288
73201289
73201290
73201291
73201292
73201293
73201294
73201295
73201296
73201297
73201298
73201299
73201300
73201301
73201302
73201303
73201304
73201305
73201306
73201307
73201308
73201309
73201310
73201311
73201312
73201313
73201314
73201315
73201316
73201317
73201318
73201319
73201320
73201321
73201322
73201323
73201324
73201325
73201326
73201327
73201328
73201329
73201330
73201331
73201332
73201333
73201334
73201335
73201336
73201337
73201338
73201339
73201340
73201341
73201342
73201343
73201344
73201345
73201346
73201347
73201348
73201349
73201350
73201351
73201352
73201353
73201354
73201355
73201356
73201357
73201358
73201359
73201360
73201361
73201362
73201363
73201364
73201365
73201366
73201367
73201368
73201369
73201370
73201371
73201372
73201373
73201374
73201375
73201376
73201377
73201378
73201379
73201380
73201381
73201382
73201383
73201384
73201385
73201386
73201387
73201388
73201389
73201390
73201391
73201392
73201393
73201394
73201395
73201396
73201397
73201398
73201399
73201400
73201401
73201402
73201403
73201404
73201405
73201406
73201407
73201408
73201409
73201410
73201411
73201412
73201413
73201414
73201415
73201416
73201417
73201418
73201419
73201420
73201421
73201422
73201423
73201424
73201425
73201426
73201427
73201428
73201429
73201430
73201431
73201432
73201433
73201434
73201435
73201436
73201437
73201438
73201439
73201440
73201441
73201442
73201443
73201444
73201445
73201446
73201447
73201448
73201449
73201450
73201451
73201452
73201453
73201454
73201455
73201456
73201457
73201458
73201459
73201460
73201461
73201462
73201463
73201464
73201465
73201466
73201467
73201468
73201469
73201470
73201471
73201472
73201473
73201474
73201475
73201476
73201477
73201478
73201479
73201480
73201481
73201482
73201483
73201484
73201485
73201486
73201487
73201488
73201489
73201490
73201491
73201492
73201493
73201494
73201495
73201496
73201497
73201498
73201499
73201500
73201501
73201502
73201503
73201504
73201505
73201506
73201507
73201508
73201509
73201510
73201511
73201512
73201513
73201514
73201515
73201516
73201517
73201518
73201519
73201520
73201521
73201522
73201523
73201524
73201525
73201526
73201527
73201528
73201529
73201530
73201531
73201532
73201533
73201534
73201535
73201536
73201537
73201538
73201539
73201540
73201541
73201542
73201543
73201544
73201545
73201546
73201547
73201548
73201549
73201550
73201551
73201552
73201553
73201554
73201555
73201556
73201557
73201558
73201559
73201560
73201561
73201562
73201563
73201564
73201565
73201566
73201567
73201568
73201569
73201570
73201571
73201572
73201573
73201574
73201575
73201576
73201577
73201578
73201579
73201580
73201581
73201582
73201583
73201584
73201585
73201586
73201587
73201588
73201589
73201590
73201591
73201592
73201593
73201594
73201595
73201596
73201597
73201598
73201599
73201600
73201601
73201602
73201603
73201604
73201605
73201606
73201607
73201608
73201609
73201610
73201611
73201612
73201613
73201614
73201615
73201616
73201617
73201618
73201619
73201620
73201621
73201622
73201623
73201624
73201625
73201626
73201627
73201628
73201629
73201630
73201631
73201632
73201633
73201634
73201635
73201636
73201637
73201638
73201639
73201640
73201641
73201642
73201643
73201644
73201645
73201646
73201647
73201648
73201649
73201650
73201651
73201652
73201653
73201654
73201655
73201656
73201657
73201658
73201659
73201660
73201661
73201662
73201663
73201664
73201665
73201666
73201667
73201668
73201669
73201670
73201671
73201672
73201673
73201674
73201675
73201676
73201677
73201678
73201679
73201680
73201681
73201682
73201683
73201684
73201685
73201686
73201687
73201688
73201689
73201690
73201691
73201692
73201693
73201694
73201695
73201696
73201697
73201698
73201699
73201700
73201701
73201702
73201703
73201704
73201705
73201706
73201707
73201708
73201709
73201710
73201711
73201712
73201713
73201714
73201715
73201716
73201717
73201718
73201719
73201720
73201721
73201722
73201723
73201724
73201725
73201726
73201727
73201728
73201729
73201730
73201731
73201732
73201733
73201734
73201735
73201736
73201737
73201738
73201739
73201740
73201741
73201742
73201743
73201744
73201745
73201746
73201747
73201748
73201749
73201750
73201751
73201752
73201753
73201754
73201755
73201756
73201757
73201758
73201759
73201760
73201761
73201762
73201763
73201764
73201765
73201766
73201767
73201768
73201769
73201770
73201771
73201772
73201773
73201774
73201775
73201776
73201777
73201778
73201779
73201780
73201781
73201782
73201783
73201784
73201785
73201786
73201787
73201788
73201789
73201790
73201791
73201792
73201793
73201794
73201795
73201796
73201797
73201798
73201799
73201800
73201801
73201802
73201803
73201804
73201805
73201806
73201807
73201808
73201809
73201810
73201811
73201812
73201813
73201814
73201815
73201816
73201817
73201818
73201819
73201820
73201821
73201822
73201823
73201824
73201825
73201826
73201827
73201828
73201829
73201830
73201831
73201832
73201833
73201834
73201835
73201836
73201837
73201838
73201839
73201840
73201841
73201842
73201843
73201844
73201845
73201846
73201847
73201848
73201849
73201850
73201851
73201852
73201853
73201854
73201855
73201856
73201857
73201858
73201859
73201860
73201861
73201862
73201863
73201864
73201865
73201866
73201867
73201868
73201869
73201870
73201871
73201872
73201873
73201874
73201875
73201876
73201877
73201878
73201879
73201880
73201881
73201882
73201883
73201884
73201885
73201886
73201887
73201888
73201889
73201890
73201891
73201892
73201893
73201894
73201895
73201896
73201897
73201898
73201899
73201900
73201901
73201902
73201903
73201904
73201905
73201906
73201907
73201908
73201909
73201910
73201911
73201912
73201913
73201914
73201915
73201916
73201917
73201918
73201919
73201920
73201921
73201922
73201923
73201924
73201925
73201926
73201927
73201928
73201929
73201930
73201931
73201932
73201933
73201934
73201935
73201936
73201937
73201938
73201939
73201940
73201941
73201942
73201943
73201944
73201945
73201946
73201947
73201948
73201949
73201950
73201951
73201952
73201953
73201954
73201955
73201956
73201957
73201958
73201959
73201960
73201961
73201962
73201963
73201964
73201965
73201966
73201967
73201968
73201969
73201970
73201971
73201972
73201973
73201974
73201975
73201976
73201977
73201978
73201979
73201980
73201981
73201982
73201983
73201984
73201985
73201986
73201987
73201988
73201989
73201990
73201991
73201992
73201993
73201994
73201995
73201996
73201997
73201998
73201999
73202000
73202001
73202002
73202003
73202004
73202005
73202006
73202007
73202008
73202009
73202010
73202011
73202012
73202013
73202014
73202015
73202016
73202017
73202018
73202019
73202020
73202021
73202022
73202023
73202024
73202025
73202026
73202027
73202028
73202029
73202030
73202031
73202032
73202033
73202034
73202035
73202036
73202037
73202038
73202039
73202040
73202041
73202042
73202043
73202044
73202045
73202046
73202047
73202048
73202049
73202050
73202051
73202052
73202053
73202054
73202055
73202056
73202057
73202058
73202059
73202060
73202061
73202062
73202063
73202064
73202065
73202066
73202067
73202068
73202069
73202070
73202071
73202072
73202073
73202074
73202075
73202076
73202077
73202078
73202079
73202080
73202081
73202082
73202083
73202084
73202085
73202086
73202087
73202088
73202089
73202090
73202091
73202092
73202093
73202094
73202095
73202096
73202097
73202098
73202099
73202100
73202101
73202102
73202103
73202104
73202105
73202106
73202107
73202108
73202109
73202110
73202111
73202112
73202113
73202114
73202115
73202116
73202117
73202118
73202119
73202120
73202121
73202122
73202123
73202124
73202125
73202126
73202127
73202128
73202129
73202130
73202131
73202132
73202133
73202134
73202135
73202136
73202137
73202138
73202139
73202140
73202141
73202142
73202143
73202144
73202145
73202146
73202147
73202148
73202149
73202150
73202151
73202152
73202153
73202154
73202155
73202156
73202157
73202158
73202159
73202160
73202161
73202162
73202163
73202164
73202165
73202166
73202167
73202168
73202169
73202170
73202171
73202172
73202173
73202174
73202175
73202176
73202177
73202178
73202179
73202180
73202181
73202182
73202183
73202184
73202185
73202186
73202187
73202188
73202189
73202190
73202191
73202192
73202193
73202194
73202195
73202196
73202197
73202198
73202199
73202200
73202201
73202202
73202203
73202204
73202205
73202206
73202207
73202208
73202209
73202210
73202211
73202212
73202213
73202214
73202215
73202216
73202217
73202218
73202219
73202220
73202221
73202222
73202223
73202224
73202225
73202226
73202227
73202228
73202229
73202230
73202231
73202232
73202233
73202234
73202235
73202236
73202237
73202238
73202239
73202240
73202241
73202242
73202243
73202244
73202245
73202246
73202247
73202248
73202249
73202250
73202251
73202252
73202253
73202254
73202255
73202256
73202257
73202258
73202259
73202260
73202261
73202262
73202263
73202264
73202265
73202266
73202267
73202268
73202269
73202270
73202271
73202272
73202273
73202274
73202275
73202276
73202277
73202278
73202279
73202280
73202281
73202282
73202283
73202284
73202285
73202286
73202287
73202288
73202289
73202290
73202291
73202292
73202293
73202294
73202295
73202296
73202297
73202298
73202299
73202300
73202301
73202302
73202303
73202304
73202305
73202306
73202307
73202308
73202309
73202310
73202311
73202312
73202313
73202314
73202315
73202316
73202317
73202318
73202319
73202320
73202321
73202322
73202323
73202324
73202325
73202326
73202327
73202328
73202329
73202330
73202331
73202332
73202333
73202334
73202335
73202336
73202337
73202338
73202339
73202340
73202341
73202342
73202343
73202344
73202345
73202346
73202347
73202348
73202349
73202350
73202351
73202352
73202353
73202354
73202355
73202356
73202357
73202358
73202359
73202360
73202361
73202362
73202363
73202364
73202365
73202366
73202367
73202368
73202369
73202370
73202371
73202372
73202373
73202374
73202375
73202376
73202377
73202378
73202379
73202380
73202381
73202382
73202383
73202384
73202385
73202386
73202387
73202388
73202389
73202390
73202391
73202392
73202393
73202394
73202395
73202396
73202397
73202398
73202399
73202400
73202401
73202402
73202403
73202404
73202405
73202406
73202407
73202408
73202409
73202410
73202411
73202412
73202413
73202414
73202415
73202416
73202417
73202418
73202419
73202420
73202421
73202422
73202423
73202424
73202425
73202426
73202427
73202428
73202429
73202430
73202431
73202432
73202433
73202434
73202435
73202436
73202437
73202438
73202439
73202440
73202441
73202442
73202443
73202444
73202445
73202446
73202447
73202448
73202449
73202450
73202451
73202452
73202453
73202454
73202455
73202456
73202457
73202458
73202459
73202460
73202461
73202462
73202463
73202464
73202465
73202466
73202467
73202468
73202469
73202470
73202471
73202472
73202473
73202474
73202475
73202476
73202477
73202478
73202479
73202480
73202481
73202482
73202483
73202484
73202485
73202486
73202487
73202488
73202489
73202490
73202491
73202492
73202493
73202494
73202495
73202496
73202497
73202498
73202499
73202500
73202501
73202502
73202503
73202504
73202505
73202506
73202507
73202508
73202509
73202510
73202511
73202512
73202513
73202514
73202515
73202516
73202517
73202518
73202519
73202520
73202521
73202522
73202523
73202524
73202525
73202526
73202527
73202528
73202529
73202530
73202531
73202532
73202533
73202534
73202535
73202536
73202537
73202538
73202539
73202540
73202541
73202542
73202543
73202544
73202545
73202546
73202547
73202548
73202549
73202550
73202551
73202552
73202553
73202554
73202555
73202556
73202557
73202558
73202559
73202560
73202561
73202562
73202563
73202564
73202565
73202566
73202567
73202568
73202569
73202570
73202571
73202572
73202573
73202574
73202575
73202576
73202577
73202578
73202579
73202580
73202581
73202582
73202583
73202584
73202585
73202586
73202587
73202588
73202589
73202590
73202591
73202592
73202593
73202594
73202595
73202596
73202597
73202598
73202599
73202600
73202601
73202602
73202603
73202604
73202605
73202606
73202607
73202608
73202609
73202610
73202611
73202612
73202613
73202614
73202615
73202616
73202617
73202618
73202619
73202620
73202621
73202622
73202623
73202624
73202625
73202626
73202627
73202628
73202629
73202630
73202631
73202632
73202633
73202634
73202635
73202636
73202637
73202638
73202639
73202640
73202641
73202642
73202643
73202644
73202645
73202646
73202647
73202648
73202649
73202650
73202651
73202652
73202653
73202654
73202655
73202656
73202657
73202658
73202659
73202660
73202661
73202662
73202663
73202664
73202665
73202666
73202667
73202668
73202669
73202670
73202671
73202672
73202673
73202674
73202675
73202676
73202677
73202678
73202679
73202680
73202681
73202682
73202683
73202684
73202685
73202686
73202687
73202688
73202689
73202690
73202691
73202692
73202693
73202694
73202695
73202696
73202697
73202698
73202699
73202700
73202701
73202702
73202703
73202704
73202705
73202706
73202707
73202708
73202709
73202710
73202711
73202712
73202713
73202714
73202715
73202716
73202717
73202718
73202719
73202720
73202721
73202722
73202723
73202724
73202725
73202726
73202727
73202728
73202729
73202730
73202731
73202732
73202733
73202734
73202735
73202736
73202737
73202738
73202739
73202740
73202741
73202742
73202743
73202744
73202745
73202746
73202747
73202748
73202749
73202750
73202751
73202752
73202753
73202754
73202755
73202756
73202757
73202758
73202759
73202760
73202761
73202762
73202763
73202764
73202765
73202766
73202767
73202768
73202769
73202770
73202771
73202772
73202773
73202774
73202775
73202776
73202777
73202778
73202779
73202780
73202781
73202782
73202783
73202784
73202785
73202786
73202787
73202788
73202789
73202790
73202791
73202792
73202793
73202794
73202795
73202796
73202797
73202798
73202799
73202800
73202801
73202802
73202803
73202804
73202805
73202806
73202807
73202808
73202809
73202810
73202811
73202812
73202813
73202814
73202815
73202816
73202817
73202818
73202819
73202820
73202821
73202822
73202823
73202824
73202825
73202826
73202827
73202828
73202829
73202830
73202831
73202832
73202833
73202834
73202835
73202836
73202837
73202838
73202839
73202840
73202841
73202842
73202843
73202844
73202845
73202846
73202847
73202848
73202849
73202850
73202851
73202852
73202853
73202854
73202855
73202856
73202857
73202858
73202859
73202860
73202861
73202862
73202863
73202864
73202865
73202866
73202867
73202868
73202869
73202870
73202871
73202872
73202873
73202874
73202875
73202876
73202877
73202878
73202879
73202880
73202881
73202882
73202883
73202884
73202885
73202886
73202887
73202888
73202889
73202890
73202891
73202892
73202893
73202894
73202895
73202896
73202897
73202898
73202899
73202900
73202901
73202902
73202903
73202904
73202905
73202906
73202907
73202908
73202909
73202910
73202911
73202912
73202913
73202914
73202915
73202916
73202917
73202918
73202919
73202920
73202921
73202922
73202923
73202924
73202925
73202926
73202927
73202928
73202929
73202930
73202931
73202932
73202933
73202934
73202935
73202936
73202937
73202938
73202939
73202940
73202941
73202942
73202943
73202944
73202945
73202946
73202947
73202948
73202949
73202950
73202951
73202952
73202953
73202954
73202955
73202956
73202957
73202958
73202959
73202960
73202961
73202962
73202963
73202964
73202965
73202966
73202967
73202968
73202969
73202970
73202971
73202972
73202973
73202974
73202975
73202976
73202977
73202978
73202979
73202980
73202981
73202982
73202983
73202984
73202985
73202986
73202987
73202988
73202989
73202990
73202991
73202992
73202993
73202994
73202995
73202996
73202997
73202998
73202999
73203000
73203001
73203002
73203003
73203004
73203005
73203006
73203007
73203008
73203009
73203010
73203011
73203012
73203013
73203014
73203015
73203016
73203017
73203018
73203019
73203020
73203021
73203022
73203023
73203024
73203025
73203026
73203027
73203028
73203029
73203030
73203031
73203032
73203033
73203034
73203035
73203036
73203037
73203038
73203039
73203040
73203041
73203042
73203043
73203044
73203045
73203046
73203047
73203048
73203049
73203050
73203051
73203052
73203053
73203054
73203055
73203056
73203057
73203058
73203059
73203060
73203061
73203062
73203063
73203064
73203065
73203066
73203067
73203068
73203069
73203070
73203071
73203072
73203073
73203074
73203075
73203076
73203077
73203078
73203079
73203080
73203081
73203082
73203083
73203084
73203085
73203086
73203087
73203088
73203089
73203090
73203091
73203092
73203093
73203094
73203095
73203096
73203097
73203098
73203099
73203100
73203101
73203102
73203103
73203104
73203105
73203106
73203107
73203108
73203109
73203110
73203111
73203112
73203113
73203114
73203115
73203116
73203117
73203118
73203119
73203120
73203121
73203122
73203123
73203124
73203125
73203126
73203127
73203128
73203129
73203130
73203131
73203132
73203133
73203134
73203135
73203136
73203137
73203138
73203139
73203140
73203141
73203142
73203143
73203144
73203145
73203146
73203147
73203148
73203149
73203150
73203151
73203152
73203153
73203154
73203155
73203156
73203157
73203158
73203159
73203160
73203161
73203162
73203163
73203164
73203165
73203166
73203167
73203168
73203169
73203170
73203171
73203172
73203173
73203174
73203175
73203176
73203177
73203178
73203179
73203180
73203181
73203182
73203183
73203184
73203185
73203186
73203187
73203188
73203189
73203190
73203191
73203192
73203193
73203194
73203195
73203196
73203197
73203198
73203199
73203200
73203201
73203202
73203203
73203204
73203205
73203206
73203207
73203208
73203209
73203210
73203211
73203212
73203213
73203214
73203215
73203216
73203217
73203218
73203219
73203220
73203221
73203222
73203223
73203224
73203225
73203226
73203227
73203228
73203229
73203230
73203231
73203232
73203233
73203234
73203235
73203236
73203237
73203238
73203239
73203240
73203241
73203242
73203243
73203244
73203245
73203246
73203247
73203248
73203249
73203250
73203251
73203252
73203253
73203254
73203255
73203256
73203257
73203258
73203259
73203260
73203261
73203262
73203263
73203264
73203265
73203266
73203267
73203268
73203269
73203270
73203271
73203272
73203273
73203274
73203275
73203276
73203277
73203278
73203279
73203280
73203281
73203282
73203283
73203284
73203285
73203286
73203287
73203288
73203289
73203290
73203291
73203292
73203293
73203294
73203295
73203296
73203297
73203298
73203299
73203300
73203301
73203302
73203303
73203304
73203305
73203306
73203307
73203308
73203309
73203310
73203311
73203312
73203313
73203314
73203315
73203316
73203317
73203318
73203319
73203320
73203321
73203322
73203323
73203324
73203325
73203326
73203327
73203328
73203329
73203330
73203331
73203332
73203333
73203334
73203335
73203336
73203337
73203338
73203339
73203340
73203341
73203342
73203343
73203344
73203345
73203346
73203347
73203348
73203349
73203350
73203351
73203352
73203353
73203354
73203355
73203356
73203357
73203358
73203359
73203360
73203361
73203362
73203363
73203364
73203365
73203366
73203367
73203368
73203369
73203370
73203371
73203372
73203373
73203374
73203375
73203376
73203377
73203378
73203379
73203380
73203381
73203382
73203383
73203384
73203385
73203386
73203387
73203388
73203389
73203390
73203391
73203392
73203393
73203394
73203395
73203396
73203397
73203398
73203399
73203400
73203401
73203402
73203403
73203404
73203405
73203406
73203407
73203408
73203409
73203410
73203411
73203412
73203413
73203414
73203415
73203416
73203417
73203418
73203419
73203420
73203421
73203422
73203423
73203424
73203425
73203426
73203427
73203428
73203429
73203430
73203431
73203432
73203433
73203434
73203435
73203436
73203437
73203438
73203439
73203440
73203441
73203442
73203443
73203444
73203445
73203446
73203447
73203448
73203449
73203450
73203451
73203452
73203453
73203454
73203455
73203456
73203457
73203458
73203459
73203460
73203461
73203462
73203463
73203464
73203465
73203466
73203467
73203468
73203469
73203470
73203471
73203472
73203473
73203474
73203475
73203476
73203477
73203478
73203479
73203480
73203481
73203482
73203483
73203484
73203485
73203486
73203487
73203488
73203489
73203490
73203491
73203492
73203493
73203494
73203495
73203496
73203497
73203498
73203499
73203500
73203501
73203502
73203503
73203504
73203505
73203506
73203507
73203508
73203509
73203510
73203511
73203512
73203513
73203514
73203515
73203516
73203517
73203518
73203519
73203520
73203521
73203522
73203523
73203524
73203525
73203526
73203527
73203528
73203529
73203530
73203531
73203532
73203533
73203534
73203535
73203536
73203537
73203538
73203539
73203540
73203541
73203542
73203543
73203544
73203545
73203546
73203547
73203548
73203549
73203550
73203551
73203552
73203553
73203554
73203555
73203556
73203557
73203558
73203559
73203560
73203561
73203562
73203563
73203564
73203565
73203566
73203567
73203568
73203569
73203570
73203571
73203572
73203573
73203574
73203575
73203576
73203577
73203578
73203579
73203580
73203581
73203582
73203583
73203584
73203585
73203586
73203587
73203588
73203589
73203590
73203591
73203592
73203593
73203594
73203595
73203596
73203597
73203598
73203599
73203600
73203601
73203602
73203603
73203604
73203605
73203606
73203607
73203608
73203609
73203610
73203611
73203612
73203613
73203614
73203615
73203616
73203617
73203618
73203619
73203620
73203621
73203622
73203623
73203624
73203625
73203626
73203627
73203628
73203629
73203630
73203631
73203632
73203633
73203634
73203635
73203636
73203637
73203638
73203639
73203640
73203641
73203642
73203643
73203644
73203645
73203646
73203647
73203648
73203649
73203650
73203651
73203652
73203653
73203654
73203655
73203656
73203657
73203658
73203659
73203660
73203661
73203662
73203663
73203664
73203665
73203666
73203667
73203668
73203669
73203670
73203671
73203672
73203673
73203674
73203675
73203676
73203677
73203678
73203679
73203680
73203681
73203682
73203683
73203684
73203685
73203686
73203687
73203688
73203689
73203690
73203691
73203692
73203693
73203694
73203695
73203696
73203697
73203698
73203699
73203700
73203701
73203702
73203703
73203704
73203705
73203706
73203707
73203708
73203709
73203710
73203711
73203712
73203713
73203714
73203715
73203716
73203717
73203718
73203719
73203720
73203721
73203722
73203723
73203724
73203725
73203726
73203727
73203728
73203729
73203730
73203731
73203732
73203733
73203734
73203735
73203736
73203737
73203738
73203739
73203740
73203741
73203742
73203743
73203744
73203745
73203746
73203747
73203748
73203749
73203750
73203751
73203752
73203753
73203754
73203755
73203756
73203757
73203758
73203759
73203760
73203761
73203762
73203763
73203764
73203765
73203766
73203767
73203768
73203769
73203770
73203771
73203772
73203773
73203774
73203775
73203776
73203777
73203778
73203779
73203780
73203781
73203782
73203783
73203784
73203785
73203786
73203787
73203788
73203789
73203790
73203791
73203792
73203793
73203794
73203795
73203796
73203797
73203798
73203799
73203800
73203801
73203802
73203803
73203804
73203805
73203806
73203807
73203808
73203809
73203810
73203811
73203812
73203813
73203814
73203815
73203816
73203817
73203818
73203819
73203820
73203821
73203822
73203823
73203824
73203825
73203826
73203827
73203828
73203829
73203830
73203831
73203832
73203833
73203834
73203835
73203836
73203837
73203838
73203839
73203840
73203841
73203842
73203843
73203844
73203845
73203846
73203847
73203848
73203849
73203850
73203851
73203852
73203853
73203854
73203855
73203856
73203857
73203858
73203859
73203860
73203861
73203862
73203863
73203864
73203865
73203866
73203867
73203868
73203869
73203870
73203871
73203872
73203873
73203874
73203875
73203876
73203877
73203878
73203879
73203880
73203881
73203882
73203883
73203884
73203885
73203886
73203887
73203888
73203889
73203890
73203891
73203892
73203893
73203894
73203895
73203896
73203897
73203898
73203899
73203900
73203901
73203902
73203903
73203904
73203905
73203906
73203907
73203908
73203909
73203910
73203911
73203912
73203913
73203914
73203915
73203916
73203917
73203918
73203919
73203920
73203921
73203922
73203923
73203924
73203925
73203926
73203927
73203928
73203929
73203930
73203931
73203932
73203933
73203934
73203935
73203936
73203937
73203938
73203939
73203940
73203941
73203942
73203943
73203944
73203945
73203946
73203947
73203948
73203949
73203950
73203951
73203952
73203953
73203954
73203955
73203956
73203957
73203958
73203959
73203960
73203961
73203962
73203963
73203964
73203965
73203966
73203967
73203968
73203969
73203970
73203971
73203972
73203973
73203974
73203975
73203976
73203977
73203978
73203979
73203980
73203981
73203982
73203983
73203984
73203985
73203986
73203987
73203988
73203989
73203990
73203991
73203992
73203993
73203994
73203995
73203996
73203997
73203998
73203999
73204000
73204001
73204002
73204003
73204004
73204005
73204006
73204007
73204008
73204009
73204010
73204011
73204012
73204013
73204014
73204015
73204016
73204017
73204018
73204019
73204020
73204021
73204022
73204023
73204024
73204025
73204026
73204027
73204028
73204029
73204030
73204031
73204032
73204033
73204034
73204035
73204036
73204037
73204038
73204039
73204040
73204041
73204042
73204043
73204044
73204045
73204046
73204047
73204048
73204049
73204050
73204051
73204052
73204053
73204054
73204055
73204056
73204057
73204058
73204059
73204060
73204061
73204062
73204063
73204064
73204065
73204066
73204067
73204068
73204069
73204070
73204071
73204072
73204073
73204074
73204075
73204076
73204077
73204078
73204079
73204080
73204081
73204082
73204083
73204084
73204085
73204086
73204087
73204088
73204089
73204090
73204091
73204092
73204093
73204094
73204095
73204096
73204097
73204098
73204099
73204100
73204101
73204102
73204103
73204104
73204105
73204106
73204107
73204108
73204109
73204110
73204111
73204112
73204113
73204114
73204115
73204116
73204117
73204118
73204119
73204120
73204121
73204122
73204123
73204124
73204125
73204126
73204127
73204128
73204129
73204130
73204131
73204132
73204133
73204134
73204135
73204136
73204137
73204138
73204139
73204140
73204141
73204142
73204143
73204144
73204145
73204146
73204147
73204148
73204149
73204150
73204151
73204152
73204153
73204154
73204155
73204156
73204157
73204158
73204159
73204160
73204161
73204162
73204163
73204164
73204165
73204166
73204167
73204168
73204169
73204170
73204171
73204172
73204173
73204174
73204175
73204176
73204177
73204178
73204179
73204180
73204181
73204182
73204183
73204184
73204185
73204186
73204187
73204188
73204189
73204190
73204191
73204192
73204193
73204194
73204195
73204196
73204197
73204198
73204199
73204200
73204201
73204202
73204203
73204204
73204205
73204206
73204207
73204208
73204209
73204210
73204211
73204212
73204213
73204214
73204215
73204216
73204217
73204218
73204219
73204220
73204221
73204222
73204223
73204224
73204225
73204226
73204227
73204228
73204229
73204230
73204231
73204232
73204233
73204234
73204235
73204236
73204237
73204238
73204239
73204240
73204241
73204242
73204243
73204244
73204245
73204246
73204247
73204248
73204249
73204250
73204251
73204252
73204253
73204254
73204255
73204256
73204257
73204258
73204259
73204260
73204261
73204262
73204263
73204264
73204265
73204266
73204267
73204268
73204269
73204270
73204271
73204272
73204273
73204274
73204275
73204276
73204277
73204278
73204279
73204280
73204281
73204282
73204283
73204284
73204285
73204286
73204287
73204288
73204289
73204290
73204291
73204292
73204293
73204294
73204295
73204296
73204297
73204298
73204299
73204300
73204301
73204302
73204303
73204304
73204305
73204306
73204307
73204308
73204309
73204310
73204311
73204312
73204313
73204314
73204315
73204316
73204317
73204318
73204319
73204320
73204321
73204322
73204323
73204324
73204325
73204326
73204327
73204328
73204329
73204330
73204331
73204332
73204333
73204334
73204335
73204336
73204337
73204338
73204339
73204340
73204341
73204342
73204343
73204344
73204345
73204346
73204347
73204348
73204349
73204350
73204351
73204352
74000017
74000018
79000059
79000105
79000110
79000112
79000117
79000123
79000124
79000125
79000131
79000135
79000136
79000265
79000288
79000289
79000298
79000364
79000366
79000368
79000372
79000373
79000374
79000376
79000377
79000378
79000379
79000380
79000384
79000386
79000387
79000388
79000393
79000396
79000482
79000485
79000660
79000662
79000667
79000668
79000673
79000675
79000676
79000681
79000687
79000692
79000697
79000701
79000749
79000770
79000798
79000801
79000803
79000805
79000807
79000808
79000811
79000815
79000893
79000895
79000899
79000904
79000907
79000908
79000913
79000916
79000929
79000935
79000983
79001031
79001075
79001086
79001120
79001121
79001137
79001140
79001141
79001160
79001190
79001191
79001297
79001312
79001315
79001519
79001551
79001552
79001554
79001556
79001557
79001558
79001559
79001560
79001561
79001562
79001749
79001750
79001897
79001899
79001927
79001951
79001955
79002010
79002042
79002075
79002118
79002175
79002294
79002317
79002325
79002402
79002423
79002471
79002525
79002696
79002856
79002918
79003087
79003117
79003128
79003141
79003268
79003277
79003368
79003431
79003438
79003439
79003442
79003443
79003463
79003507
79003510
79003532
79003567
79003587
79003615
79003673
79003700
79003718
79003737
79003797
79003820
79003823
79003835
79003857
79003954
79004032
79004057
79004116
79004140
79004188
79004194
79004361
79004368
79004371
79004397
79004572
79004595
79004699
79004700
79004713
79004751
79004777
79004804
79004851
79004885
79005139
79005145
79005243
79005249
79005272
79005326
79005349
79005364
79005365
79005418
79005502
79005519
79005535
79005544
79005567
79005703
79005710
79005798
79005808
79005831
79005849
79005859
79005902
79005908
79006032
79006218
79006267
79006303
79006464
79006493
79006494
79006501
79006645
79006766
79006804
79006867
79006873
79006932
79006948
79007016
79007146
79007148
79007342
79007674
79007679
79007690
79007992
79008034
79008105
79008122
79008197
79008321
79008359
79008364
79008411
79008530
79008543
79008546
79008578
79008615
79008669
79008729
79008792
79008804
79008837
79008899
79008975
79008981
79009010
79009111
79009118
79009148
79009182
79009221
79009234
79009308
79009356
79009422
79009485
79009555
79009846
79009985
79010543
79010733
79010739
79010772
79010818
79010941
79010972
79011163
79011170
79011194
79011387
79011472
79011790
79011882
79011944
79011953
79012145
79012331
79012475
79012695
79012773
79012963
79012995
79013219
79013395
79013460
79013501
79013514
79013655
79013714
79014033
79014132
79014136
79014183
79014197
79014207
79014219
79014339
79014352
79014389
79014404
79014556
79014560
79014562
79014579
79014720
79014819
79014948
79014964
79014978
79015083
79015146
79015353
79015380
79015387
79015502
79015555
79015607
79015620
79015709
79015875
79016078
79016169
79016249
79016259
79016290
79016353
79016354
79016417
79016419
79016439
79016450
79016463
79016477
79016521
79016543
79016580
79016591
79016594
79016687
79017342
79017343
79017574
79017575
79017589
79017590
79017626
79017628
79017630
79017670
79017671
79017678
79017745
79017781
79017782
79017783
79017786
79017817
79017892
79017935
79017963
79017992
79017997
79018032
79018104
79018124
79018128
79018129
79018130
79018131
79018133
79018177
79018178
79018213
79018220
79018221
79018222
79018223
79018224
79018225
79018226
79018287
79018288
79018312
79018331
79018337
79018351
79018352
79018353
79018364
79018405
79018406
79018409
79018410
79018411
79018412
79018413
79018414
79018428
79018467
79018468
79018470
79018482
79018499
79018503
79018504
79018505
79018506
79018508
79018512
79018554
79018563
79018581
79018617
79018618
79018648
79018649
79018652
79018653
79018654
79018666
79018681
79018695
79018701
79018702
79018703
79018704
79018705
79018706
79018733
79018734
79018735
79018737
79018739
79018758
79018772
79018774
79018792
79018813
79018816
79018817
79018818
79018819
79018820
79018821
79018832
79018833
79018867
79018876
79018879
79018899
79018900
79018901
79018902
79018903
79018904
79018917
79018931
79018932
79018944
79018954
79018991
79018992
79018993
79019006
79019014
79019024
79019025
79019026
79019030
79019040
79019061
79019084
79019132
79019133
79019155
79019191
79019372
79019516
79019551
79019808
79020463
79020771
79020907
79021019
79021210
79021441
79021525
79021547
79021864
79022123
79022238
79022338
79022387
79022596
79022660
79022694
79022713
79022795
79022924
79023067
79023152
79023284
79023322
79023377
79023399
79023421
79023430
79023453
79023459
79023532
79023535
79023571
79023639
79024164
79024284
79024292
79024415
79024534
79024584
79024661
79024689
79024695
79024923
79025030
79025111
79025193
79025210
79025344
79025434
79025473
79025510
79025533
79025590
79025657
79025896
79026110
79026312
79026379
79026517
79026521
79026522
79026533
79027360
79027966
79027991
79028451
79028549
79028745
79028761
79028789
79029314
79029344
79029415
79029434
79030506
79030636
79030693
79030763
79030940
79030947
79030948
79030951
79030969
79031039
79031076
79031090
79031111
79031165
79031198
79031230
79031233
79031235
79031238
79031306
79031319
79031337
79031349
79031367
79031378
79031380
79031400
79031401
79031440
79031522
79031525
79031554
79031570
79031572
79031578
79031603
79031628
79031658
79032011
79032408
79032422
79032555
79033225
79033978
79033996
79034021
10015051
72903999
10015266
23004342
00042219
00023947
00022119
79000121
10002166
10015452
00024669
00013680
14005784
14006235
10004415
79008786
00092172
13002058
10006893
13040197
13089488
13006188
13057777
00001675
00006629
72923936
13107033
14002598
13119956
00038529
00049910
00050045
00052017
00076980
00401103
00403589
40001767
79001657
79001729
13009920